186949
552241
165436
412528
134627
318637
169444
547046
385046
191033
200614
137128
146432
146129
115017
209228
169747
102816
180533
395756
169343
185442
130518
181636
135124
132118
146937
131217
233326
263436
116726
199655
176542
164636
196144
195041
128935
125525
181232
104416
178647
115825
158035
126426
102311
111312
550439
203418
878776
690152
757764
178142
158136
789373
156334
150423
192641
725751
148133
167036
126931
638049
193845
330324
525541
134829
198653
191336
393247
221319
397760
157336
175237
131722
167440
177140
162935
159239
182739
177645
197348
200210
164131
171633
130114
108323
100610
109123
