173334
134627
182739
144226
196144
150423
181636
134829
146432
171633
165436
193845
191336
191841
204521
164131
181232
214524
177746
146129
182436
175237
199655
177140
195041
197348
187345
198653
158136
155938
201515
167440
180533
185442
169040
169343
200210
200614
177645
214019
178142
203418
186949
200311
221319
209228
473952
690152
283543
397760
381038
770352
871762
360030
878776
898176
751550
393247
899885
826353
926862
406836
745555
617748
536647
901442
725751
757764
572045
654552
562345
872764
783462
905147
825048
782561
859671
861456
765864
771354
732243
724446
833249
818859
910241
951457
958976
943862
